28127
28128
38618
38901
39074
39738
39740
39838
39907
39912
1184547
1185255
1185344
1185345
1185348
1185349
1185350
1185351
1185352
1185353
1185354
1185355
1185356
1185357
1185358
1185359
1185360
1185361
1185362
1185363
1185364
1185365
1185366
1185367
1185368
1185369
1185370
1185371
1185372
1185373
1185374
1185375
1185376
1185377
1185378
1185379
1185380
1185381
1185382
1185383
1185384
1185385
1185386
1185387
1185388
1185389
1185390
1185391
1185392
1185393
1185394
1185395
1185396
1185397
1185398
1185399
1185400
1185401
1185402
1185403
1185404
1185405
1185406
1185407
1185408
1185409
1185410
1185411
1185412
1185413
1185414
1185415
1185416
1185417
1185418
1185419
1185420
1185421
1185422
1185423
1185424
1185425
1185426
1185427
1185428
1185429
1185430
1185431
1185432
1185433
1185434
1185435
1185436
1185437
1185438
1185439
1185440
1185441
1185442
1185443
1185444
1185445
1185446
1185447
1185448
1185449
1185450
1185451
1185452
1185453
1185454
1185455
1185456
1185457
1185458
1185459
1185460
1185461
1185462
1185463
1185464
1185465
1185466
1185467
1185468
1185469
1185470
1185471
1185472
1185473
1185474
1185475
1185476
1185477
1185478
1185479
1185480
1185481
1185482
1185483
1185484
1185485
1185486
1185487
1185488
1185489
1185490
1185491
1185492
1185493
1185494
1185495
1185496
1185497
1185498
1185499
1185500
1185501
1185502
1185503
1185504
1185505
1185506
1185507
1185508
1185509
1185510
1185511
1185512
1185513
1185514
1185515
1185516
1185517
1185518
1185519
1185520
1185521
1185522
1185523
1185524
1185525
1185526
1185527
1185528
1185529
1185530
1185531
1185532
1185533
1185534
1185535
1185536
1185537
1185538
1185539
1185540
1185541
1185542
1185543
1185544
1185545
1185546
1185547
1185548
1185549
1185550
1185551
1185552
1185553
1185554
1185555
1185556
1185557
1185558
1185559
1185560
1185561
1185562
1185563
1185564
1185565
1185566
1185567
1185568
1185569
1185570
1185571
1185572
1185573
1185574
1185575
1185576
1185577
1185578
1185579
1185580
1185581
1185582
1185583
1185584
1185585
1185586
1185587
1185588
1185589
1185590
1185591
1185592
1185593
1185594
1185595
1185596
1185597
1185598
1185599
1185600
1185601
1185602
1185603
1185604
1185605
1185606
1185607
1185608
1185609
1185610
1185611
1185612
1185613
1185614
1185615
1185616
1185617
1185618
1185619
1185620
1185621
1185622
1185623
1185624
1185625
1185626
1185627
1185628
1185629
1185630
1185631
1185632
1185633
1185634
1185635
1185636
1185637
1185638
1185639
1185640
1185641
1185642
1185643
1185644
1185645
1185646
1185647
1185648
1185649
1185650
1185651
1185652
1185653
1185654
1185655
1185656
1185657
1185658
1185659
1185660
1185661
1185662
1185663
1185664
1185665
1185666
1185667
1185668
1185669
1185670
1185671
1185672
1185673
1185674
1185675
1185676
1185677
1185678
1185679
1185680
1185681
1185682
1185683
1185684
1185685
1185686
1185687
1185688
1185689
1185690
1185691
1185692
1185693
1185694
1185695
1185696
1185697
1185698
1185699
1185700
1185701
1185702
1185703
1185704
1185705
1185706
1185707
1185708
1185709
1185710
1185711
1185712
1185713
1185714
1185715
1185716
1185717
1185718
1185719
1185720
1185721
1185722
1185723
1185724
1185725
1185726
1185727
1185728
1185729
1185730
1185731
1185732
1185733
1185734
1185735
1185736
1185737
1185738
1185739
1185740
1185741
1185742
1185743
1185744
1185745
1185746
1185747
1185748
1185749
1185750
1185751
1185752
1185753
1185754
1185755
1185756
1185757
1185758
1185759
1185760
1185761
1185762
1185763
1185764
1185765
1185766
1185767
1185768
1185769
1185770
1185771
1185772
1185773
1185774
1185775
1185776
1185777
1185778
1185779
1185780
1185781
1185782
1185783
1185784
1185785
1185786
1185787
1185788
1185789
1185790
1185791
1185792
1185793
1185794
1185795
1185796
1185797
1185798
1185799
1185800
1185801
1185802
1185803
1185804
1185805
1185806
1185807
1185808
1185809
1185810
1185811
1185812
1185813
1185814
1185815
1185816
1185817
1185818
1185819
1185820
1185821
1185822
1185823
1185824
1185825
1185826
1185827
1185828
1185829
1185830
1185831
1185832
1185833
1185834
1185835
1185836
1185837
1185838
1185839
1185840
1185841
1185842
1185843
1185844
1185846
1185847
1185848
1185849
1185850
1185851
1185852
1185853
1185854
1185855
1185856
1185857
1185858
1185859
1185860
1185861
1185862
1185863
1185864
1185865
1185866
1185867
1185868
1185869
1185870
1185871
1185872
1185873
1185874
1185875
1185876
1185877
1185878
1185879
1185880
1185881
1185882
1185883
1185884
1185885
1185886
1185887
1185888
1185889
1185890
1185891
1185892
1185893
1185894
1185895
1185896
1185897
1185898
1185899
1185900
1185901
1185903
1185904
1185905
1185906
1185907
1185908
1185909
1185910
1185911
1185912
1185913
1185914
1185915
1185916
1185917
1185918
1185919
1185920
1185921
1185922
1185923
1185924
1185925
1185926
1185927
1185928
1185929
1185930
1185931
1185932
1185933
1185934
1185936
1185937
1185938
1185939
1185940
1185941
1185942
1185943
1185944
1185945
1185946
1185947
1185948
1185949
1185950
1185951
1185952
1185953
1185954
1185955
1185956
1185957
1185958
1185959
1185960
1185961
1185962
1185963
1185964
1185965
1185966
1185967
1185968
1185969
1185970
1185971
1185972
1185973
1185974
1185975
1185976
1185977
1185978
1185979
1185980
1185981
1185982
1185983
1185984
1185985
1185986
1185987
1185988
1185989
1185990
1185991
1185992
1185993
1185994
1185995
1185996
1185997
1185998
1185999
1186000
1186001
1186002
1186003
1186004
1186005
1186006
1186007
1186008
1186009
1186010
1186011
1186012
1186013
1186014
1186015
1186016
1186017
1186018
1186019
1186020
1186021
1186022
1186023
1186024
1186025
1186026
1186027
1186030
1186049
1186071
1186073
1186074
1186079
1186142
1186173
1186178
1186181
1186183
1186189
1186195
1186198
1186202
1186203
1186204
1186206
1186208
1186210
1186213
1186217
1186218
1186219
1186220
1186222
1186223
1186224
1186225
1186226
1186227
1186228
1186229
1186231
1186232
1186235
1186237
1186238
1186239
1186240
1186241
1186242
1186244
1186246
1186247
1186249
1186251
1186252
1186254
1186256
1186258
1186261
1186264
1186267
1186269
1186270
1186273
1186274
1186275
1186276
1186277
1186345
1186364
1186543
1196062
1196063
1196078
1196079
1197845
1197846
1197847
1197848
1197849
1197850
1197851
1197852
1197853
1197854
1197855
1197856
1197857
1197858
1197859
1197860
1197861
1197862
1197863
1197864
1197865
1197866
1197867
1197868
1197869
1197870
1197871
1197872
1197873
1197874
1197875
1197876
1197877
1197878
1197879
1197880
1197881
1197882
1197883
1197884
1197885
1197886
1197887
1197888
1197889
1197890
1197891
1197892
1197893
1197894
1197895
1197896
1197897
1197898
1197899
1197900
1197901
1197902
1197903
1197904
1197905
1197906
1197907
1197908
1197909
1197910
1197911
1197912
1197913
1197914
1197915
1197916
1197917
1197918
1197919
1197920
1197921
1197922
1197923
1197924
1197925
1197926
1197927
1197928
1197929
1197930
1197931
1197932
1197933
1197934
1197935
1197936
1197937
1197938
1197939
1197940
1197941
1197942
1197943
1197944
1197945
1197946
1197947
1197948
1197949
1197950
1197951
1197952
1197953
1197954
1197955
1197956
1197957
1197958
1197959
1197960
1197961
1197962
1197963
1197964
1197965
1197966
1197967
1197968
1197969
1197970
1197971
1197972
1197973
1197974
1197975
1197976
1197977
1197978
1197979
1197980
1197981
1197982
1197983
1197984
1197985
1197986
1197987
1197988
1197989
1197990
1197991
1197992
1197993
1197994
1197995
1197996
1197997
1197998
1197999
1198000
1198001
1198002
1198003
1198004
1198005
1198006
1198007
1198008
1198009
1198010
1198011
1198012
1198013
1198014
1198015
1198016
1198017
1198018
1198019
1198020
1198021
1198022
1198023
1198024
1198025
1198026
1198027
1198028
1198029
1198030
1198031
1198032
1198033
1198034
1198035
1198036
1198037
1198038
1198039
1198040
1198041
1198042
1198043
1198044
1198045
1198046
1198047
1198048
1198049
1198050
1198051
1198052
1198053
1198054
1198055
1198056
1198057
1198058
1198059
1198060
1198061
1198062
1198063
1198064
1198065
1198066
1198067
1198068
1198069
1198070
1198071
1198072
1198073
1198074
1198075
1198076
1198077
1198078
1198079
1198080
1198081
1198082
1198083
1198084
1198085
1339846
1339850
1339854
1339858
1339862
1339866
1339870
1339874
1339878
1339882
1339886
1339890
1339894
1339898
1339902
1339906
1339910
1339914
1339918
1339926
1339930
1339934
1339938
1339942
1339946
1339950
1339954
1339958
1339962
1339966
1339970
1339974
1339978
1339990
1339998
1340002
1340006
1340010
1340014
1340018
1340022
1340026
1340030
1340034
1340038
1340042
1340046
1340050
1340054
1340058
1340062
1340066
1340070
1340074
1340078
1340082
1340090
1340094
1340098
38618
39074
1327577
1327581
1327585
1327589
1327593
1327597
1327601
1327605
1327609
1327613
1327617
1327621
1327625
1327629
1327633
1327637
1327641
1327645
1327649
1327653
1327657
1327661
1327665
39738
1327669
1327673
1327677
1327681
1327685
1327689
1327693
1327697
1327701
1327705
1327709
1327713
1327717
1327721
1327725
1327729
1327733
1327741
1327745
1327749
1327753
1327757
1327761
39838
1327773
1327781
1327797
1327801
1327805
1327809
39907
1327580
1327584
1327588
1327592
1327596
1327600
1327604
1327608
1327612
1327616
1327620
1327624
1327628
1327632
1327636
1327640
1327644
1327648
1327652
1327656
1327660
1327664
1327668
1327672
1327676
1327680
1327684
1327688
1327692
1327696
1327700
1327704
1327708
1327712
39740
1327716
1327720
1327724
1327728
1327744
1327748
1327752
1327756
1327760
1327764
1327788
1327792
1327804
1327808
39912
1185255
1185351
1185355
1185359
1185363
1185367
1185371
1185375
1185379
1185383
1185387
1185391
1185395
1185399
1185403
1185407
1185411
1185415
1185419
1185423
1185427
1185431
1185435
1185439
1185443
1185447
1185451
1185455
1185459
1185463
1185467
1185471
1185475
1185479
1185483
1185487
1185491
1185495
1185499
1185503
1185507
1185511
1185515
1185519
1185523
1185527
1185531
1185535
1185539
1185543
1185547
1185551
1185555
1185559
1185563
1185567
1185571
1185575
1185579
1185583
1185587
1185591
1185595
1185599
1185603
1185607
1185611
1185615
1185619
1185623
1185627
1185631
1185635
1185639
1185643
1185647
1185651
1185655
1185659
1185663
1185667
1185671
1185675
1185679
1185683
1185687
1185691
1185695
1185699
1185703
1185707
1185711
1185715
1185719
1185723
1185727
1185731
1185735
1185739
1185743
1185747
1185751
1185755
1185759
1185763
1185767
1185771
1185775
1185779
1185783
1185787
1185791
1185795
1185799
1185803
1185807
1185811
1185815
1185819
1185823
1185827
1185831
1185835
1185839
1185843
1185847
1185851
1185855
1185859
1185863
1185867
1185871
1185875
1185879
1185883
1185887
1185891
1185895
1185899
1185903
1185907
1185911
1185915
1185919
1185923
1185927
1185931
1185939
1185943
1185947
1185951
1185955
1185959
1185963
1185967
1185971
1185975
1185979
1185983
1185987
1185991
1185995
1185999
1186003
1186007
1186011
1186015
1186019
1186023
1186027
1186071
1186079
1186183
1186195
1186203
1186219
1186223
1186227
1186231
1186235
1186239
1186247
1186251
1186267
1186275
1186543
1245910
1245918
1197848
1197852
1197856
1197860
1197864
1197868
1197872
1197876
1197880
1197884
1197888
1197892
1197896
1197900
1197904
1197908
1197912
1197916
1197920
1197924
1197928
1197932
1197936
1197940
1197944
1197948
1197952
1197956
1197960
1197964
1197968
1197972
1197976
1197980
1197984
1197988
1197992
1197996
1198000
1198004
1198008
1198012
1198016
1198020
1198024
1198028
1198032
1198036
1198040
1198044
1198048
1198052
1198056
1198060
1198064
1198068
1198072
1198076
1198080
1198084
1198088
1198092
1198096
1198100
1198104
1198108
1198112
1198116
1198120
1198124
1198128
1198132
1198136
1198140
1198144
1198148
1198152
1198156
1198160
1198164
1198168
1198172
1198176
1198180
1198184
1198188
1198192
1198196
1198200
1198204
1198208
1198212
1198216
1198220
1198224
1198228
1198232
1198236
1198240
1198244
1198248
1198252
1198256
1198260
1198264
1198268
1198272
1198276
1198280
1198284
1198288
1198292
1198296
1198300
1198304
1198308
1198312
1198316
1198320
1198324
1198328
1198332
1198336
1198340
1198344
1198348
1198352
1198356
1198360
1198364
1198368
1198372
1198376
1198380
1198384
1198388
1198392
1198396
1198400
1198404
1198408
1198412
1198416
1198420
1198424
1198428
1198432
1198436
1198440
1198444
1198448
1198452
1198456
1198460
1198464
1198468
1198472
1198476
1198480
1198484
1198488
1198492
1198496
1198500
1198504
1198508
1198512
1198516
1198520
1198524
1198528
1198532
1198536
1198540
1198544
1198548
1198552
1198556
1198560
1198564
1198568
1198572
1198576
1198580
1198584
1198588
1198592
1198596
1198600
1198604
1198608
1198612
1198616
1198620
1198624
1198628
1198632
1198636
1198640
1198644
1198648
1198652
1198656
1198660
1198664
1198668
1198672
1198676
1198680
1198684
1198688
1198692
1198696
1198700
1198704
1198708
1198712
1198716
1198720
1198724
1198728
1198732
1198736
1198740
1198744
1198748
1198752
1198756
1198760
1198764
1198768
1198772
1198776
1198780
1198784
1198788
1198792
1198796
1198800
1198804
1198808
1198812
1198816
1198820
1198824
1198828
1198832
1198836
1198840
1198844
1198848
1198852
1198856
1198860
1198864
1198868
1198872
1198876
1198880
1198884
1198888
1198892
1198896
1198900
1198904
1198908
1198912
1198916
1198920
1198924
1198928
1198932
1198936
1198940
1198944
1198948
1198952
1198956
1198960
1198964
1198968
1198972
1198976
1198980
1198984
1198988
1198992
1198996
1199000
1199004
1199008
1199012
1199016
1199020
1199024
1199028
1199032
1199036
1199040
1199044
1199048
1199052
1199056
1199060
1199064
1199068
1199072
1199076
1199080
1199084
1199088
1199092
1199096
1199100
1199104
1199108
1199112
1199116
1199120
1199124
1199128
1199132
1199136
1199140
1199144
1199148
1199152
1199156
1199160
1199164
1199168
1199172
1199176
1199180
1199184
1199188
1199192
1199196
1199200
1199204
1199208
1199212
1199216
1199220
1199224
1199228
1199232
1199236
1199240
1199244
1199248
1199252
1199256
1199260
1199264
1199268
1199272
1199276
1199280
1199284
1199288
1199292
1199296
1199300
1199304
1199308
1199312
1199316
1199320
1199324
1199328
1199332
1199336
1199340
1199344
1199348
1199352
1199356
1199360
1199364
1199368
1199372
1199376
1199380
1199384
1199388
1199392
1199396
1199400
1199404
1199408
1199412
1199416
1199420
1199424
1199428
1199432
1199436
1199440
1199444
1199448
1199452
1199456
1199460
1199464
1199468
1199472
1199476
1199480
1199484
1199488
1199492
1199496
1199500
1199504
1199508
1199512
1199516
1199520
1199524
1197845
1197849
1197853
1197857
1197861
1197865
1197869
1197873
1197877
1197881
1197885
1197889
1197893
1197897
1197901
1197905
1197909
1197913
1197917
1197921
1197925
1197929
1197933
1197937
1197941
1197945
1197949
1197953
1197957
1197961
1197965
1197969
1197973
1197977
1197981
1197985
1197989
1197993
1197997
1198001
1198005
1198009
1198013
1198017
1198021
1198025
1198029
1198033
1198037
1198041
1198045
1198049
1198053
1198057
1198061
1198065
1198069
1198073
1198077
1198081
1198085
1198089
1198093
1198097
1198101
1198105
1198109
1198113
1198117
1198121
1198125
1198129
1198133
1198137
1198141
1198145
1198149
1198153
1198157
1198161
1198165
1198169
1198173
1198177
1198181
1198185
1198189
1198193
1198197
1198201
1198205
1198209
1198213
1198217
1198221
1198225
1198229
1198233
1198237
1198241
1198245
1198249
1198253
1198257
1198261
1198265
1198269
1198273
1198277
1198281
1198285
1198289
1198293
1198297
1198301
1198305
1198309
1198313
1198317
1198321
1198325
1198329
1198333
1198337
1198341
1198345
1198349
1198353
1198357
1198361
1198365
1198369
1198373
1198377
1198381
1198385
1198389
1198393
1198397
1198401
1198405
1198409
1198413
1198417
1198421
1198425
1198429
1198433
1198437
1198441
1198445
1198449
1198453
1198457
1198461
1198465
1198469
1198473
1198477
1198481
1198485
1198489
1198493
1198497
1198501
1198505
1198509
1198513
1198517
1198521
1198525
1198529
1198533
1198537
1198541
1198545
1198549
1198553
1198557
1198561
1198565
1198569
1198573
1198577
1198581
1198585
1198589
1198593
1198597
1198601
1198605
1198609
1198613
1198617
1198621
1198625
1198629
1198633
1198637
1198641
1198645
1198649
1198653
1198657
1198661
1198665
1198669
1198673
1198677
1198681
1198685
1198689
1198693
1198697
1198701
1198705
1198709
1198713
1198717
1198721
1198725
1198729
1198733
1198737
1198741
1198745
1198749
1198753
1198757
1198761
1198765
1198769
1198773
1198777
1198781
1198785
1198789
1198793
1198797
1198801
1198805
1198809
1198813
1198817
1198821
1198825
1198829
1198833
1198837
1198841
1198845
1198849
1198853
1198857
1198861
1198865
1198869
1198873
1198877
1198881
1198885
1198889
1198893
1198897
1198901
1198905
1198909
1198913
1198917
1198921
1198925
1198929
1198933
1198937
1198941
1198945
1198949
1198953
1198957
1198961
1198965
1198969
1198973
1198977
1198981
1198985
1198989
1198993
1198997
1199001
1199005
1199009
1199013
1199017
1199021
1199025
1199029
1199033
1199037
1199041
1199045
1199049
1199053
1199057
1199061
1199065
1199069
1199073
1199077
1199081
1199085
1199089
1199093
1199097
1199101
1199105
1199109
1199113
1199117
1199121
1199125
1199129
1199133
1199137
1199141
1199145
1199149
1199153
1199157
1199161
1199165
1199169
1199173
1199177
1199181
1199185
1199189
1199193
1199197
1199201
1199205
1199209
1199213
1199217
1199221
1199225
1199229
1199233
1199237
1199241
1199245
1199249
1199253
1199257
1199261
1199265
1199269
1199273
1199277
1199281
1199285
1199289
1199293
1199297
1199301
1199305
1199309
1199313
1199317
1199321
1199325
1199329
1199333
1199337
1199341
1199345
1199349
1199353
1199357
1199361
1199365
1199369
1199373
1199377
1199381
1199385
1199389
1199393
1199397
1199401
1199405
1199409
1199413
1199417
1199421
1199425
1199429
1199433
1199437
1199441
1199445
1199449
1199453
1199457
1199461
1199465
1199469
1199473
1199477
1199481
1199485
1199489
1199493
1199497
1199501
1199505
1199509
1199513
1199517
1199521
1199525
1185350
1185354
1185358
1185362
1185366
1185370
1185374
1185378
1185382
1185386
1185390
1185394
1185398
1185402
1185406
1185410
1185414
1185418
1185422
1185426
1185430
1185434
1185438
1185442
1185446
1185450
1185454
1185458
1185462
1185466
1185470
1185474
1185478
1185482
1185486
1185490
1185494
1185498
1185502
1185506
1185510
1185514
1185518
1185522
1185526
1185530
1185534
1185538
1185542
1185546
1185550
1185554
1185558
1185562
1185566
1185570
1185574
1185578
1185582
1185586
1185590
1185594
1185598
1185602
1185606
1185610
1185614
1185618
1185622
1185626
1185630
1185634
1185638
1185642
1185646
1185650
1185654
1185658
1185662
1185666
1185670
1185674
1185678
1185682
1185686
1185690
1185694
1185698
1185702
1185706
1185710
1185714
1185718
1185722
1185726
1185730
1185734
1185738
1185742
1185746
1185750
1185754
1185758
1185762
1185766
1185770
1185774
1185778
1185782
1185786
1185790
1185794
1185798
1185802
1185806
1185810
1185814
1185818
1185822
1185826
1185830
1185834
1185838
1185842
1185846
1185850
1185854
1185858
1185862
1185866
1185870
1185874
1185878
1185882
1185886
1185890
1185894
1185898
1185906
1185910
1185914
1185918
1185922
1185926
1185930
1185934
1185938
1185942
1185946
1185950
1185954
1185958
1185962
1185966
1185970
1185974
1185978
1185982
1185986
1185990
1185994
1185998
1186002
1186006
1186010
1186014
1186018
1186022
1186026
1186030
1186074
1186142
1186178
1186198
1186202
1186206
1186210
1186218
1186222
1186226
1186238
1186242
1186246
1186254
1186258
1186270
1186274
1327579
1327583
1327587
1327591
1327595
1327599
1327603
1327607
1327611
1327615
1327619
1327623
1327627
1327631
1327635
1327639
1327643
1327647
1327651
1327655
1327659
1327663
1327667
1327671
1327675
1327679
1327683
1327687
1327691
1327695
1327699
1327703
1327707
1327711
1327715
1327719
1327723
1327727
1327743
1327747
1327751
1327755
1327759
1327763
1327771
1327779
1327799
1327803
1339237
1339241
1339245
1339249
1339253
1339257
1339261
1339265
1339269
1339273
1339277
1339281
1339285
1339289
1339293
1339297
1339301
1339305
1339309
1339313
1339317
1339321
1339325
1339329
1339333
1339337
1339341
1339345
1339349
1339353
1339357
1339361
1339365
1339369
1339373
1339377
1339381
1339385
1339389
1339393
1339397
1339401
1339405
1339409
1339413
1339417
1339421
1339425
1339429
1339433
1339437
1339441
1339445
1339449
1339453
1339457
1339461
1339465
1339469
1339473
1339477
1339481
1339485
1339489
1339493
1339497
1339501
1339505
1339509
1339513
1339517
1339521
1339525
1339529
1339533
1339537
1339541
1339545
1339549
1339553
1339557
1339561
1339565
1339569
1339573
1339577
1339581
1339585
1339589
1339593
1339597
1339601
1339605
1339609
1339613
1339617
1339621
1339625
1339629
1339633
1339637
1339641
1339645
1339649
1339653
1339657
1339661
1339665
1339669
1339673
1339677
1339681
1339685
1339689
1339693
1339697
1339701
1339705
1339709
1339713
1339717
1339721
1339725
1339729
1339733
1339737
1339741
1339745
1339749
1339753
1339757
1339761
1339765
1339769
1339773
1339777
1339781
1339785
1339789
1339793
1339797
1339801
1339805
1339809
1339813
1339817
1339821
1339825
1339829
1339833
1339837
1339841
1339845
1339849
1339853
1339857
1339861
1339865
1339869
1339873
1339877
1339881
1339885
1339889
1339893
1339897
1339901
1339905
1339909
1339913
1339917
1339921
1339925
1339929
1339933
1339937
1339941
1339945
1339949
1339953
1339957
1339961
1339965
1339969
1339973
1339977
1339989
1339993
1339997
1340001
1340005
1340009
1340013
1340017
1340021
1340025
1340029
1340033
1340037
1340041
1340045
1340049
1340053
1340057
1340061
1340065
1340069
1340073
1340077
1340081
1340085
1340089
1340093
1340097
1339236
1339240
1339248
1339252
1339256
1339260
1339264
1339268
1339272
1339276
1339280
1339284
1339288
1339292
1339296
1339300
1339304
1339308
1339312
1339316
1339320
1339324
1339328
1339332
1339336
1339340
1339344
1339348
1339352
1339356
1339360
1339364
1339368
1339372
1339376
1339380
1339384
1339388
1339392
1339396
1339400
1339404
1339408
1339412
1339416
1339420
1339424
1339428
1339432
1339436
1339440
1339444
1339448
1339452
1339456
1339460
1339464
1339468
1339472
1339476
1339480
1339484
1339488
1339492
1339496
1339500
1339504
1339508
1339512
1339516
1339520
1339524
1339528
1339532
1339536
1339540
1339544
1339548
1339552
1339556
1339560
1339564
1339568
1339572
1339576
1339580
1339584
1339588
1339592
1339596
1339600
1339604
1339608
1339612
1339616
1339620
1339624
1339628
1339632
1339636
1339640
1339644
1339648
1339652
1339656
1339660
1339664
1339668
1339672
1339676
1339680
1339684
1339688
1339692
1339696
1339700
1339704
1339708
1339712
1339716
1339720
1339724
1339728
1339732
1339736
1339740
1339744
1339748
1339752
1339756
1339760
1339764
1339768
1339772
1339776
1339780
1339784
1339788
1339792
1339796
1339800
1339804
1339808
1339812
1339816
1339820
1339824
1339828
1339832
1339836
1339840
1339844
1339848
1339852
1339856
1339860
1339864
1339868
1339872
1339876
1339880
1339884
1339888
1339892
1339896
1339900
1339904
1339908
1339912
1339916
1339920
1339924
1339928
1339932
1339936
1339940
1339944
1339948
1339952
1339956
1339960
1339964
1339968
1339972
1339976
1339980
1339988
1339992
1339996
1340000
1340004
1340008
1340012
1340016
1340020
1340024
1340028
1340032
1340036
1340040
1340044
1340048
1340052
1340056
1340060
1340064
1340068
1340072
1340076
1340080
1340084
1340088
1340092
1340096
1196063
1196079
1213342
1213850
1213854
1213858
1213862
1213866
1213870
1213874
1213878
1213882
1213886
1213890
1213894
1213898
1213902
1213906
1213910
1213914
1213918
1213922
1213926
1213930
1213934
1213938
1213942
1213946
1213950
1213954
1213958
1213962
1213966
1213970
1213974
1213978
1213982
1213986
1213990
1213994
1213998
1214002
1214006
1299352
1299360
1295567
1197847
1197851
1197855
1197859
1197863
1197867
1197871
1197875
1197879
1197883
1197887
1197891
1197895
1197899
1197903
1197907
1197911
1197915
1197919
1197923
1197927
1197931
1197935
1197939
1197943
1197947
1197951
1197955
1197959
1197963
1197967
1197971
1197975
1197979
1197983
1197987
1197991
1197995
1197999
1198003
1198007
1198011
1198015
1198019
1198023
1198027
1198031
1198035
1198039
1198043
1198047
1198051
1198055
1198059
1198063
1198067
1198071
1198075
1198079
1198083
1198087
1198091
1198095
1198099
1198103
1198107
1198111
1198115
1198119
1198123
1198127
1198131
1198135
1198139
1198143
1198147
1198151
1198155
1198159
1198163
1198167
1198171
1198175
1198179
1198183
1198187
1198191
1198195
1198199
1198203
1198207
1198211
1198215
1198219
1198223
1198227
1198231
1198235
1198239
1198243
1198247
1198251
1198255
1198259
1198263
1198267
1198271
1198275
1198279
1198283
1198287
1198291
1198295
1198299
1198303
1198307
1198311
1198315
1198319
1198323
1198327
1198331
1198335
1198339
1198343
1198347
1198351
1198355
1198359
1198363
1198367
1198371
1198375
1198379
1198383
1198387
1198391
1198395
1198399
1198403
1198407
1198411
1198415
1198419
1198423
1198427
1198431
1198435
1198439
1198443
1198447
1198451
1198455
1198459
1198463
1198467
1198471
1198475
1198479
1198483
1198487
1198491
1198495
1198499
1198503
1198507
1198511
1198515
1198519
1198523
1198527
1198531
1198535
1198539
1198543
1198547
1198551
1198555
1198559
1198563
1198567
1198571
1198575
1198579
1198583
1198587
1198591
1198595
1198599
1198603
1198607
1198611
1198615
1198619
1198623
1198627
1198631
1198635
1198639
1198643
1198647
1198651
1198655
1198659
1198663
1198667
1198671
1198675
1198679
1198683
1198687
1198691
1198695
1198699
1198703
1198707
1198711
1198715
1198719
1198723
1198727
1198731
1198735
1198739
1198743
1198747
1198751
1198755
1198759
1198763
1198767
1198771
1198775
1198779
1198783
1198787
1198791
1198795
1198799
1198803
1198807
1198811
1198815
1198819
1198823
1198827
1198831
1198835
1198839
1198843
1198847
1198851
1198855
1198859
1198863
1198867
1198871
1198875
1198879
1198883
1198887
1198891
1198895
1198899
1198903
1198907
1198911
1198915
1198919
1198923
1198927
1198931
1198935
1198939
1198943
1198947
1198951
1198955
1198959
1198963
1198967
1198971
1198975
1198979
1198983
1198987
1198991
1198995
1198999
1199003
1199007
1199011
1199015
1199019
1199023
1199027
1199031
1199035
1199039
1199043
1199047
1199051
1199055
1199059
1199063
1199067
1199071
1199075
1199079
1199083
1199087
1199091
1199095
1199099
1199103
1199107
1199111
1199115
1199119
1199123
1199127
1199131
1199135
1199139
1199143
1199147
1199151
1199155
1199159
1199163
1199167
1199171
1199175
1199179
1199183
1199187
1199191
1199195
1199199
1199203
1199207
1199211
1199215
1199219
1199223
1199227
1199231
1199235
1199239
1199243
1199247
1199251
1199255
1199259
1199263
1199267
1199271
1199275
1199279
1199283
1199287
1199291
1199295
1199299
1199303
1199307
1199311
1199315
1199319
1199323
1199327
1199331
1199335
1199339
1199343
1199347
1199351
1199355
1199359
1199363
1199367
1199371
1199375
1199379
1199383
1199387
1199391
1199395
1199399
1199403
1199407
1199411
1199415
1199419
1199423
1199427
1199431
1199435
1199439
1199443
1199447
1199451
1199455
1199459
1199463
1199467
1199471
1199475
1199479
1199483
1199487
1199491
1199495
1199499
1199503
1199507
1199511
1199515
1199519
1199523
1199527
1339243
1339247
1339251
1339255
1339259
1339263
1339267
1339271
1339275
1339279
1339283
1339287
1339291
1339295
1339299
1339303
1339307
1339311
1339315
1339319
1339323
1339327
1339331
1339335
1339339
1339343
1339347
1339351
1339355
1339359
1339363
1339367
1339371
1339375
1339379
1339383
1339387
1339391
1339395
1339399
1339403
1339407
1339411
1339415
1339419
1339423
1339427
1339431
1339435
1339439
1339443
1339447
1339451
1339455
1339459
1339463
1339467
1339471
1339475
1339479
1339483
1339487
1339491
1339495
1339499
1339503
1339507
1339511
1339515
1339519
1339523
1339527
1339531
1339535
1339539
1339543
1339547
1339551
1339555
1339559
1339563
1339567
1339571
1339575
1339579
1339583
1339587
1339591
1339595
1339599
1339603
1339607
1339611
1339615
1339619
1339623
1339627
1339631
1339635
1339639
1339643
1339647
1339651
1339655
1339659
1339663
1339667
1339671
1339675
1339679
1339683
1339687
1339691
1339695
1339699
1339703
1339707
1339711
1339715
1339719
1339723
1339727
1339731
1339735
1339739
1339743
1339747
1339751
1339755
1339759
1339763
1339767
1339771
1339775
1339779
1339783
1339787
1339791
1339795
1339799
1339803
1339807
1339811
1339815
1339819
1339823
1339827
1339831
1339835
1339839
1339843
1339847
1339851
1339855
1339859
1339863
1339867
1339871
1339875
1339879
1339883
1339887
1339891
1339895
1339899
1339903
1339907
1339911
1339915
1339919
1339923
1339927
1339931
1339935
1339939
1339943
1339947
1339951
1339955
1339959
1339963
1339967
1339971
1339975
1339979
1339991
1339995
1339999
1340003
1340007
1340011
1340019
1340023
1340027
1340031
1340035
1340039
1340047
1340051
1340059
1340063
1340067
1340071
1340075
1340079
1340083
1340087
1340091
1340095
1299343
1299367
1299387
1213844
1213848
1213852
1213856
1213860
1213864
1213868
1213872
1213876
1213880
1213884
1213888
1213892
1213896
1213900
1213904
1213908
1213912
1213916
1213920
1213924
1213928
1213932
1213936
1213940
1213944
1213948
1213952
1213956
1213960
1213964
1213968
1213972
1213976
1213980
1213984
1213988
1213992
1213996
1214000
1214004
1214008
1213845
1213849
1213853
1213857
1213861
1213865
1213869
1213873
1213877
1213881
1213885
1213889
1213893
1213897
1213901
1213905
1213909
1213913
1213917
1213921
1213925
1213929
1213933
1213937
1213941
1213945
1213949
1213953
1213957
1213961
1213965
1213969
1213973
1213977
1213981
1213985
1213989
1213993
1213997
1214001
1214005
1214009
1299322
1299378
1299382
1299386
1245880
1245936
1245940
1245944
1245901
1245925
1245945
1213851
1213855
1213859
1213863
1213867
1213871
1213875
1213879
1213883
1213887
1213891
1213895
1213899
1213903
1213907
1213911
1213915
1213919
1213923
1213927
1213931
1213935
1213939
1213943
1213947
1213951
1213955
1213959
1213963
1213967
1213971
1213975
1213979
1213983
1213987
1213991
1213995
1213999
1214003
1214007
1299333
1299373
1299385
