10
10
10
10
16
18
18
19
20
21
23
25
27
31
31
32
39
43
43
43
43
43
47
47
51
59
60
60
81
86
87
100
100
103
104
111
113
115
118
120
123
134
134
134
134
134
134
134
134
134
134
134
134
134
134
134
134
134
134
134
134
134
135
135
135
135
135
135
135
135
135
135
135
135
135
135
135
135
135
135
135
135
135
135
136
136
136
136
136
136
136
140
140
140
140
140
142
142
142
142
142
142
142
142
143
156
158
176
176
182
183
186
186
191
207
207
207
207
207
207
207
207
207
208
213
213
216
216
223
224
226
226
230
249
267
271
283
284
285
287
302
307
307
311
316
324
327
328
329
334
335
335
336
336
338
338
338
338
341
341
344
344
345
348
355
355
355
357
367
369
372
375
379
392
394
396
408
409
421
433
440
463
471
472
472
472
472
472
472
472
472
472
472
472
472
472
472
472
472
472
473
476
478
483
488
490
526
527
545
545
545
545
545
545
545
546
550
552
571
580
581
581
581
581
595
596
598
602
604
607
613
627
627
632
634
635
637
641
657
661
663
664
664
665
667
672
673
675
677
678
682
689
699
699
701
708
715
716
745
747
754
755
759
760
779
780
790
790
801
801
811
813
813
816
817
818
821
823
824
831
833
835
835
836
836
836
836
836
836
836
836
836
836
836
836
836
836
836
841
842
842
842
842
847
847
847
847
857
859
860
861
866
868
875
891
891
891
891
891
898
899
900
900
902
905
908
928
948
949
949
949
949
949
966
972
983
983
983
983
983
984
987
988
989
990
991
994
994
995
995
995
996
999
999
1003
1009
1017
1017
1017
1019
1019
1021
1022
1026
1026
1026
1026
1026
1026
1026
1026
1039
1046
1050
1050
1050
1051
1051
1059
1060
1062
1063
1070
1072
1073
1105
1106
1107
1108
1111
1111
1111
1111
1111
1111
1111
1118
1118
1152
1155
1173
1192
1196
1198
1201
1207
1213
1244
1244
1265
1266
1267
1277
1277
1280
1312
1314
1325
1350
1362
1365
1374
1374
1385
1385
1385
1385
1387
1390
1397
1398
1413
1414
1445
1453
1454
1456
1459
1462
1471
1477
1478
1479
1491
1495
1496
1499
1499
1499
1500
1503
1508
1508
1509
1514
1523
1525
1535
1537
1543
1543
1543
1544
1544
1544
1544
1544
1544
1544
1544
1544
1544
1544
1544
1544
1544
1544
1544
1544
1544
1544
1544
1544
1544
1544
1544
1545
1545
1548
1548
1548
1557
1558
1559
1559
1559
1565
1565
1565
1571
1571
1576
1576
1576
1576
1580
1583
1584
1585
1586
1588
1589
1601
1603
1609
1613
1616
1627
1632
1633
1636
1638
1638
1654
1655
1657
1659
1662
1675
1676
1678
1687
1690
1717
1718
1723
1728
1728
1728
1729
1736
1739
1746
1756
1762
1778
1781
1783
1785
1786
1786
1788
1788
1789
1789
1793
1796
1803
1808
1810
1813
1813
1813
1813
1820
1822
1824
1832
1833
1836
1837
1850
1852
1856
1857
1859
1869
1874
1893
1894
1906
1915
1915
1933
1936
1936
1937
1938
1938
1942
1949
1958
1958
1962
1969
1975
1977
1977
1978
1978
1979
1981
1983
1983
1984
1992
1994
1997
1998
2000
2010
2011
2017
2023
2023
2026
2030
2033
2035
2036
2037
2039
2041
2050
2058
2059
2060
2063
2064
2065
2072
2073
2074
2077
2081
2098
2101
2108
2117
2118
2119
2120
2138
2139
2167
2178
2181
2182
2182
2186
2193
2194
2194
2194
2195
2197
2199
2222
2222
2222
2230
2241
2242
2245
2247
2261
2264
2273
2287
2289
2305
2309
2316
2317
2319
2353
2444
2475
2475
2475
2475
2516
2520
2521
2530
2534
2539
2547
2549
2551
2571
2582
2597
2597
2620
2624
2662
2665
2670
2670
2670
2671
2686
2688
2697
2697
2702
2719
2729
2729
2737
2745
2746
2764
2770
2771
2774
2776
2778
2782
2787
2794
2800
2801
2802
2803
2804
2806
2821
2821
2846
2869
2870
2873
2875
2875
2875
2876
2878
2879
2886
2887
2895
2902
2903
2904
2908
2908
2908
2909
2911
2911
2923
2925
2931
2931
2932
2932
2936
2950
2956
2959
2960
2963
2969
2972
2975
2976
2997
3008
3008
3009
3009
3010
3014
3014
3014
3014
3014
3014
3014
3030
3054
3064
3065
3066
3068
3069
3069
3070
3070
3070
3091
3092
3094
3096
3097
3104
3105
3141
3146
3146
3146
3150
3156
3156
3156
3156
3156
3157
3157
3157
3157
3159
3159
3169
3170
3178
3178
3181
3182
3183
3183
3184
3185
3185
3187
3187
3188
3189
3190
3190
3190
3191
3192
3217
3233
3242
3251
3265
3267
3268
3270
3283
3283
3283
3290
3291
3291
3293
3297
3301
3301
3304
3308
3308
3313
3315
3315
3315
3320
3320
3324
3326
3329
3336
3339
3359
3381
3383
3383
3398
3399
3422
3455
3459
3475
3479
3479
3479
3479
3479
3479
3480
3480
3480
3481
3482
3484
3542
3547
3551
3553
3553
3559
3562
3567
3569
3569
3569
3569
3572
3576
3576
3586
3588
3588
3592
3593
3607
3609
3609
3615
3619
3630
3635
3636
3638
3643
3643
3654
3658
3667
3676
3684
3688
3691
3692
3698
3706
3708
3708
3708
3708
3708
3709
3709
3710
3710
3710
3718
3720
3725
3725
3726
3727
3728
3735
3757
3776
3791
3801
3835
3837
3838
3848
3875
3875
3890
3895
3898
3899
3912
3925
3925
3927
3930
3932
3939
3939
3949
3949
3952
3952
3952
3953
3953
3957
3978
3980
3983
3984
3985
3993
4000
4001
4001
4008
4012
4023
4023
4026
4034
4038
4040
4047
4059
4076
4077
4082
23506
641
9703
55589
664
23246
119032
8315
6046
10902
27154
9044
28969
64149
79078
25966
257407
23523
790
811
813
10645
23125
823
64170
833
57513
836
836
836
836
9994
842
831
847
859
255057
10951
23468
57805
115098
729440
440193
891
891
595
900
81669
54462
22948
6263
10694
10421
928
3320
391634
7190
146059
994
995
3776
9774
613
632
637
84162
54887
657
664
79866
729991
672
8019
65980
79173
54014
689
91894
126526
708
9854
55322
91768
790
817
157922
55832
6650
23589
835
836
836
836
842
847
284119
868
8535
23466
150275
165055
317762
26093
891
898
902
905
10576
30671
51622
948
4267
3320
664618
3304
8555
994
246184
760
3308
134
5293
29316
29316
11541
135
4842
80346
768211
5972
473
162427
57109
55159
5863
84220
6002
64285
646090
253260
79890
55781
8767
80010
84282
727800
64320
9025
55599
6100
84154
4736
6141
6157
25873
6125
58490
6208
135
6224
6234
6194
8986
6202
6239
23223
23212
84870
57529
146923
10069
6261
6261
6261
6263
6277
26278
90378
134
9978
283248
3315
23640
996
11135
990
27336
84668
135
1003
983
23379
3422
3475
5127
1017
55755
80173
3479
3480
1022
1026
10642
541504
64375
441549
1046
1050
3588
3553
3562
1050
1059
79172
3569
3572
3615
145508
283638
95681
84289
54891
84902
1070
1675
3630
3643
65123
1073
8208
1106
3654
64207
84181
1111
1111
3676
3698
3710
1111
11200
11200
6453
23338
3720
51510
63922
9929
3726
23189
30095
23155
9074
3735
84148
84078
9685
1198
9575
65987
55818
8242
22883
80790
55748
10657
79932
57456
154043
26505
23242
57536
63971
146909
25839
1277
9276
3835
24137
22820
56997
1362
55857
51274
57565
132864
51692
1374
9757
400506
3837
1385
51232
84626
8689
3895
64784
553473
113251
81887
1453
79848
1479
3932
3949
79165
1495
1499
1503
3952
3953
3978
56474
1514
79004
51474
3985
286826
8450
6376
3576
54143
4001
4012
1535
1583
246648
23175
4023
4034
1586
1543
1544
201255
9209
55341
1544
1544
1544
149986
55692
256586
1544
1544
84445
84944
10916
1589
1559
1576
114569
4124
45706
36666
55201
5609
10746
23002
221955
26528
4293
11183
9730
25853
5594
5595
285761
9937
1638
5601
10982
4082
84301
10521
2011
23139
9782
64794
1654
51202
8932
51562
4170
79039
7913
55667
4172
254394
10445
160518
8694
8525
4193
9969
219541
22907
81624
9441
9833
4233
57609
1739
1746
79091
51320
9258
2039
3301
4189
55669
92667
375056
80331
1786
1789
85377
57708
60672
30836
85440
23033
5970
5972
11079
3757
43
5978
57455
5982
100135472
100911796
100135473
117584
1544
64864
400966
25369
10287
121268
60626
9699
126432
79697
29919
246243
254225
257160
9810
84900
6093
6118
6103
6139
6154
6159
6124
6130
6184
6204
6222
6187
6232
6189
6197
6198
64121
6241
23076
51773
51750
57142
25914
860
10329
5731
6261
6262
6281
644815
9667
25939
29115
23314
6305
9169
113178
949
949
20249
23256
6342
27111
10484
10952
57715
205564
989
10955
1992
9739
55209
7536
6421
6433
81537
54557
23616
30011
6461
357
25942
23411
22933
51804
6498
6566
26503
51310
91137
81031
7779
54978
55238
8501
123264
55117
389015
133308
79811
4087
3313
790918
8476
56990
113130
3339
3064
3381
999
983
984
3383
3398
3455
51755
5129
1019
3479
3479
1026
1026
3482
3547
1026
81620
634
3592
9173
1051
1062
201161
16190
3569
3609
22897
11190
23177
3619
83444
22876
79603
144535
3638
57117
10788
84952
1105
128239
26145
79191
57680
1111
3688
3706
11200
11200
100008972
10625
182
221037
84310
91782
23152
3725
3728
23332
137075
23522
23247
7461
1201
22992
9682
23277
54918
92259
8570
9851
1266
4848
22837
57498
55614
8161
1312
9585
11004
3801
50813
9167
89953
9314
114792
29894
11052
57585
55958
8085
3838
1385
1387
9419
3875
8844
3912
200186
1413
131544
23367
51574
9113
3315
126393
55561
988
10808
10075
25998
134
1009
983
3383
3399
3459
8621
1017
1019
3479
3480
1021
1026
1026
3481
3484
3551
55602
55573
1050
3593
58985
23670
1063
3567
3569
80895
9859
9857
64423
125476
3636
84131
10087
57587
3643
55726
1072
10036
9557
9922
359948
57611
1108
1111
1111
51477
3691
3708
11200
11200
55677
3718
25978
26973
26586
133746
3725
8997
1152
23122
1365
284058
11143
23254
1192
1196
1207
8514
84678
23081
63967
134147
23070
22889
9778
23313
54805
1267
56243
57498
81930
1690
1277
1314
55605
9371
22944
11316
64708
1350
83855
54758
53981
79869
4297
57082
23633
1385
1390
1398
3875
112970
200186
1414
335789
55132
51520
26524
57614
5972
135
140
29290
79137
254958
282133
29290
9615
359845
6469
5994
653489
1576
5997
85415
9610
83732
8737
55177
7737
6045
55182
54894
6050
9475
79657
22934
6139
6157
6122
6124
6181
6185
6205
6223
6224
6233
6189
6194
6197
26750
6238
8568
23378
26156
6242
80230
10856
23429
6261
6262
6284
286077
6299
55095
10284
23328
58506
10067
49855
949
20249
6335
6386
9554
22872
57190
10509
26168
22928
26135
866
27244
84193
26470
23451
51460
6422
151246
400745
56904
81858
134549
59307
10280
23094
23411
27240
6499
57606
9990
26503
6505
6575
51312
6513
6513
11182
54733
10991
54946
146802
9497
11254
6531
80024
23315
353189
7871
4086
1445
1459
1478
3930
3939
23592
1491
1499
1500
3953
8549
1509
348180
436680
3984
64130
143884
58191
4001
22853
80777
23191
2768720
4023
23143
140634
1544
10489
9208
222229
1544
1544
1544
26065
84946
7798
1544
1544
116068
9555
7975
13079
1548
1576
260425
84441
81631
1580
36665
36316
81631
5609
7786
9420
1603
1616
4216
9448
79884
28988
80344
55827
5594
5595
23162
1633
1638
22919
441061
80821
1662
11218
153562
84930
57062
7919
9879
4152
114785
56922
317781
10522
10260
4171
84515
84331
1676
1609
4191
9968
9440
54505
1729
23181
9862
4212
10461
10395
9787
151194
56339
56947
23312
10049
23269
4253
27000
1786
1789
91748
84895
80005
29980
50488
406967
4288
5977
1808
1813
8079
51085
4322
92675
151636
80824
4332
22879
4342
1852
1781
9666
136647
55257
85403
84650
10455
55052
64969
4436
23644
1915
6307
4495
57504
1933
1938
80820
23255
56181
79180
9343
1958
8776
8898
2475
30846
9538
2475
92154
80198
83939
8890
8662
4597
4605
23077
8669
9775
1978
4638
80179
56478
1983
7260
4644
4649
9683
1998
22936
4665
4673
10
83460
27436
2023
65065
9918
55421
2033
2037
4691
57727
374383
57724
29924
2060
55706
10397
4724
64787
2065
2073
5819
4739
4752
54821
23071
157570
7469
10825
4773
9700
23344
2117
84901
4782
4791
84141
60412
4798
79840
57648
199990
642273
11188
4820
23201
283635
9679
136
100008972
25369
25369
25369
7220
7150
4907
4093
8467
6601
23137
55181
54498
64750
23557
79753
6627
6645
23161
8724
51429
6647
6651
6653
134548
6662
6672
6671
9552
132671
23384
144097
6696
6696
503542
84926
6713
8878
55133
80725
6721
153443
6723
6732
23524
6427
6741
85464
10274
6770
6774
27067
10963
9262
27347
56977
6801
64092
9092
55206
22828
51282
949
51097
23256
23513
6396
9919
11196
11231
57556
26054
256987
9792
23067
9869
10291
6421
81855
27352
25970
79729
9644
22941
6464
57698
6494
23411
221150
6502
6558
6566
6573
6510
9962
1836
6515
148867
80723
124565
201266
124935
160728
55117
6535
10479
326845
55719
84464
4088
1454
1471
10664
84458
3949
123169
1496
1499
3952
3957
3980
1508
2017
8451
8994
389421
1523
1525
3576
3993
84823
83752
1537
1584
9663
4026
55791
1588
1543
57470
57633
1544
1544
51599
51631
1544
1544
1544
23499
84232
728239
13086
1565
9223
10892
4128
35822
42682
5605
4214
1601
55152
51776
4134
55700
10926
79269
90379
5594
225689
5595
131566
55802
10540
79109
4137
65108
79077
780
8886
4140
23031
57506
10212
51428
8930
4158
55388
57696
57706
4173
79892
55784
201627
54487
1718
23195
23389
1723
170506
23405
4205
4221
129563
9231
55929
84190
399664
1762
3301
56521
9927
23295
100507436
1785
1788
79778
54531
55793
1793
1796
9980
1456
1477
3939
221496
9150
8727
56998
3952
29094
1508
55917
436860
54923
132660
54883
6387
30827
4000
4008
2846
54205
1585
64900
987
4038
60640
1544
4040
56262
90678
1544
1544
124801
4047
51747
1544
1544
1545
55219
23764
13079
1548
1571
9863
9794
4131
31193
35587
41706
6416
4296
35543
153090
1613
4215
5871
256714
1627
80344
8816
5594
93487
5598
51473
196513
51164
7867
4137
9665
51181
65992
55308
57787
375449
151963
9188
10212
11325
55777
4163
1655
83479
6764
4175
79648
9681
139189
1717
9656
5469
51586
8449
1659
11083
4208
56257
1736
22839
1756
4234
55798
4236
1657
374407
54842
4257
64780
23341
23268
1788
4277
4282
54629
9732
55715
84444
23034
79595
9733
6309
9522
22937
949
6319
10389
6385
6397
89866
9871
9728
10501
26054
26135
5265
574036
29072
23064
10946
6421
119559
10045
6455
285590
81858
149840
6478
26037
23411
23410
6497
84174
6560
9120
10560
6574
6576
2030
6515
55032
54407
29985
55244
6522
91749
6531
84138
84679
28231
9748
85395
4088
4090
6597
6599
10051
9887
6606
10285
6525
6621
9410
6641
6642
6643
29886
9306
6648
10174
134548
6660
6667
6670
10615
6683
92521
152185
9806
200734
81848
6713
8878
149563
10847
6721
6722
23380
6726
10250
9295
6432
54434
6767
6770
90627
6772
6780
26872
57620
9263
282974
219736
85369
26155
140688
143684
55215
2193
4839
9722
51070
22848
9625
355
2194
2197
29881
7827
5244
8714
11057
222235
80204
404039
10062
3983
31
176
9873
2222
55612
2908
4897
1636
43
55785
114827
129401
54888
22985
51
55902
29109
2287
2317
4924
4926
23511
86
81
54874
96459
10762
4928
10482
23536
118
3170
2305
80144
54940
11054
10133
79602
134
134
83786
285527
8939
4998
5007
114882
134
135
135
8087
2534
10146
51526
560759
56957
135
135
136
2549
2582
26130
286530
159090
11252
158
3899
79841
2620
2624
5058
5062
79728
11607
25909
2729
50628
2670
9924
10914
8505
389813
11215
10142
23062
27069
5073
142
142
10327
207
51659
2697
113263
143
23598
55872
208
5832
55830
51291
2771
388939
26167
9768
8659
226
7840
2774
59345
8443
399909
9468
267
64682
2804
57120
2806
50940
5151
10130
794315
285
54467
55668
2719
64236
23047
79834
22852
129138
2873
2876
27043
5201
447836
302
55435
23431
65983
29841
2903
406906
126353
91039
1813
4288
51085
4322
667
84062
8446
4316
84315
23515
1778
1859
10198
4361
9801
79733
10682
1632
51373
91283
80153
1915
10943
55154
9219
399818
1937
399665
23787
22823
441024
23167
1958
4534
64419
55028
10938
10919
10289
9788
94025
440275
8662
89853
10514
4609
8667
10480
1977
140465
399687
1979
1983
3692
4647
745
1997
8178
8518
4664
92345
10
51234
256364
2023
89797
4077
23397
5167
2036
80314
51517
8202
9612
30199
2050
2058
81565
4711
2059
2064
2072
55707
23327
4750
2074
2081
114799
91754
10763
10725
51575
8220
2108
4774
4790
2120
11336
2139
4795
25983
57224
50848
83641
150864
25836
55922
4831
57579
221061
57184
8675
10228
134957
51430
10910
6822
55578
6838
6840
6853
8867
341359
23118
8148
83860
6879
85461
9344
6897
26000
23329
54885
29110
6909
79921
6929
6950
81550
146705
55852
24144
7040
96764
9984
9967
25917
1678
93643
7086
9874
79905
50999
54664
92691
84065
23731
55092
27346
84000
51075
7124
8797
10318
85456
6594
56916
6605
8243
140775
56006
55512
8773
27044
54861
6631
10073
29907
401548
6647
10580
9580
6662
389058
9043
23013
56907
6697
83932
6709
6713
8878
6714
6720
140890
6730
6733
6427
23648
6747
10735
6770
83930
6777
8987
6786
6793
6788
3925
55437
29966
387143
55320
1803
1813
1832
4302
93380
1837
56931
116255
22880
1857
1783
1874
54737
9019
51149
144455
9166
9718
65005
57496
1894
8411
221143
339287
253827
9112
1936
29904
27085
92140
25902
1949
54583
54545
9107
254102
1962
10209
4552
4580
93343
9451
8661
8665
439921
4609
8666
51386
1977
4627
80022
4643
1978
7458
9669
4646
26509
122830
1994
8178
6924
133686
4678
55140
10436
23052
4683
64151
58478
2035
57669
4690
10499
9611
26122
1969
83481
54820
57446
58513
1833
23085
121441
252969
2077
109579
10783
9147
4763
2098
2101
57488
4780
4790
4794
2119
55763
2138
4800
9351
7430
8772
81558
51199
85407
51068
23196
26049
8603
553420
693122
4288
8813
1810
1824
4300
166785
4324
51514
23220
1850
55034
23041
4343
1856
51143
1869
4350
23164
55178
55840
11319
51073
57591
2956
1893
1906
158078
6307
17750
1936
1938
494044
140710
113115
1942
51162
23301
54893
8897
2475
23301
30844
10209
4552
57509
4595
27102
8894
8663
4598
4607
4628
27335
1975
4625
447930
4641
1981
1984
4645
4650
8260
60528
2000
80237
65220
8774
10
2010
56946
23218
23310
23154
2026
57634
54566
4691
135112
2041
83481
10403
57447
4703
79574
55914
25945
4744
6787
375748
54206
7936
63973
83715
57488
4775
4784
4792
2118
55194
23265
4799
9368
64855
7430
2167
10827
84365
11188
4829
130074
79632
6595
50485
9126
23049
388588
55627
6616
23020
6640
8926
22938
9784
257364
55084
6648
8470
6654
6659
6662
6668
6674
23111
26010
80309
84501
161742
10252
6711
8878
8878
6720
285672
57522
6731
58477
6426
6429
136853
117178
8027
6770
134429
6778
8614
6786
114790
55351
3925
55342
201595
23673
20909
252983
10923
10147
6822
9913
374969
23224
11276
10454
10460
6873
10629
6876
23435
30851
55773
11138
1155
9238
6920
6942
6950
51567
9894
54881
7027
10342
7037
7046
10618
90326
79228
55623
8914
27134
7090
11322
145942
113277
135932
54867
120224
9772
7112
81542
7124
7128
7292
10188
5216
55286
5236
324
335
338
2911
1687
5241
65979
5251
338
344
8542
48335
14867
148479
23469
5256
26060
372
26286
2969
9330
90102
10745
27236
9824
57584
64412
3009
3014
8301
5279
9411
23526
55160
3014
8348
22927
54984
23396
9867
9181
55701
57531
93323
3065
5585
11187
57492
5926
200894
10014
3068
792176
5335
59338
151188
408
57412
63897
283450
3070
57664
64857
80301
25842
259266
84896
8925
79802
3094
51090
5357
5372
55210
55729
79065
3097
6596
8091
9512
4860
79983
3146
3156
3157
472
472
27343
5430
5443
3150
3178
472
472
10940
440915
5468
3184
3185
79572
494489
23545
8496
728945
85313
3190
92906
221092
545
545
9677
9647
5500
51361
50809
11234
342371
56970
552
23368
5504
5510
3291
3283
9531
55971
580
55607
5529
57223
134
135
581
11176
157285
7001
5558
2247
1565
5562
5565
5573
5580
25865
5591
10196
80209
8899
28987
8996
408050
199870
2178
9855
4841
51602
4846
27
80755
355
2194
2195
4862
4868
10361
1244
7920
54850
84961
23291
4879
1728
25
25841
176
115548
2222
2241
2908
29982
8829
65057
43
89846
2264
2273
7468
84081
81788
641371
2182
23307
2316
4682
57532
9972
345651
87
100
114793
64778
8061
8021
9688
57495
104
115
22859
3169
3607
118924
79596
10724
167826
23266
134
134
122786
10129
8880
26687
5005
26031
134
135
135
2530
5349
8323
28962
55593
135
136
2539
2571
2597
116224
23241
4299
116986
9710
2520
8729
10605
55003
10298
183
186
79026
64263
2665
54960
54873
55229
84612
9049
11216
8227
85476
2688
26058
142
142
80709
207
207
9815
10052
10207
94104
84335
213
216
2745
2764
2770
56124
5106
224
226
7840
2782
54552
22990
5130
22984
139285
271
51433
2803
54856
9527
27250
8654
9601
284
54882
55105
60313
2821
9124
5170
8682
26057
57182
84168
55890
2875
57655
5178
5195
5213
311
316
8943
9687
2902
27327
23371
146691
9868
11073
9878
7157
7157
7157
7157
7158
121278
7175
84231
55262
8805
10155
4591
7204
11078
54802
10024
7222
7248
81628
283989
151613
9654
80727
201158
84817
129450
7317
7314
65264
8266
23304
137886
83549
54658
80328
10497
340260
7384
8615
57478
57695
8078
9101
51096
55014
8417
64426
6817
25777
6829
6839
94056
10492
8871
6860
26099
6867
9013
6874
6880
10010
202018
54906
125058
25771
9882
54885
6907
6926
6938
84260
6999
23424
11022
54386
7019
7027
29844
7040
7048
7054
57187
7069
7074
114609
7082
116238
11011
83660
23023
283578
23505
199953
161145
55287
51249
7110
83590
7124
55504
79155
4836
79159
9221
51307
157769
10160
10528
4843
16
154664
2194
79072
4851
4868
4869
1244
23
64319
54620
26271
4878
1728
2063
10152
23172
32
197258
2230
2908
2516
8204
91452
43
22985
2245
2261
64760
10412
55968
4915
47
2182
60
81608
201163
28982
10726
55746
60
284325
100
114984
22862
2353
23225
23636
51203
103
113
57211
221937
116113
4942
8481
11339
134
134
10818
117246
5004
114885
134
135
5348
7855
26578
54726
9943
135
135
2551
2597
5036
55690
5053
4301
54812
3268
84253
51313
57459
5058
5062
27161
186
27245
6936
2662
79833
342979
80025
56288
83543
8165
11214
2671
2686
64599
142
142
55122
207
207
28964
2702
23178
5077
5089
207
213
216
389741
84656
8833
5094
63935
5111
223
54890
2778
2794
2801
5116
255738
11333
10189
51421
29945
2802
51026
26003
8654
2923
283
287
29123
55094
65056
2821
9260
118987
88455
353322
54443
27238
2875
2879
55825
5194
5209
307
1173
2886
2895
56850
64802
64318
55035
51439
57697
29997
4843
28971
18
355
22868
84893
261734
80896
4363
10257
10006
2199
64839
81545
4878
1728
7182
84142
31
115352
2222
10979
4306
4899
39
59272
43
2242
8822
84067
4905
4907
47
2181
59
11259
2289
2319
64710
8650
23165
51412
10121
84256
23360
57600
9818
26471
11096
111
120
55810
2309
2444
100506658
8473
23394
134
84443
24140
2521
23594
114884
114883
134
135
9513
84248
9908
9180
55611
55074
135
135
11047
9846
23193
10536
26986
29763
121536
27125
3267
64762
10634
54815
5058
5062
445815
55109
11607
191
2729
25929
255967
64895
84962
9590
2670
79893
54994
142
142
64761
207
207
54810
2697
2737
64098
5074
55193
207
64400
5832
2746
51053
5093
51585
5108
4329
230
249
2776
2787
2800
57092
255738
5833
57679
83607
29882
113201
64689
5140
8050
566702
51129
23141
57678
23131
10243
10611
23042
5037
23253
84079
23294
2875
2878
6263
5189
5208
307
8907
9546
2887
9380
2904
3708
8677
6810
9482
51684
445329
6830
23512
8189
23345
11346
84958
23334
10579
79101
6878
51616
57551
6895
9797
128637
55633
9779
23061
84897
6917
6939
6949
6999
7005
54790
7023
7030
7037
7041
60436
7054
8563
80731
90381
9414
7089
7094
10548
9911
284114
54972
84928
29058
440026
84910
126259
29766
79089
7124
7124
27242
10188
84629
7145
10043
100188893
7155
163590
7157
7157
7157
7157
121278
7174
6434
51112
23321
10155
55521
131405
9320
81627
22059
142940
8848
80746
7265
8458
347688
55787
127253
55075
55236
9898
63893
29914
197131
55148
7345
7358
51720
25989
285175
65109
7390
8237
57646
57602
84132
55031
7874
10813
26121
5630
57479
55615
23362
5684
5686
5704
5710
674052
81490
5743
5763
5782
25930
5786
10076
9698
5822
5831
84109
27291
9727
5862
117177
115273
5878
4218
79874
55684
5810
10111
5894
253959
57148
5901
10048
23108
5921
8045
5925
5929
23543
10137
29890
58517
23029
10181
5937
51634
134
6261
5214
267004
5232
334
336
2870
83743
2931
55276
9749
80012
341
348
2936
37108
55274
79142
55023
116985
84364
2963
2976
23560
23187
57661
5297
57221
392
93663
2997
3009
3014
8554
9780
5286
80728
9138
3014
3014
8294
54478
23396
5308
23370
445328
8289
54801
3054
9088
5318
23236
10620
147339
51020
3069
113026
5339
51329
10094
170302
25831
3070
144100
23207
55616
440
55252
9146
25994
5347
84814
5371
54454
11016
10533
3096
3141
8091
5411
55163
3156
3156
472
472
11201
221830
100101267
3157
6927
220988
472
472
57130
653269
5465
3183
3185
3188
483
9551
8541
51535
9360
3189
3191
3192
64756
545
8455
8493
5499
9454
3233
89781
6310
6314
57099
54776
170954
648791
3290
51478
8313
10458
8314
5528
55671
3297
2670
581
9031
27113
10084
11108
166336
4968
3559
5562
5564
5573
5576
5590
5591
6262
18812
67939
5629
9341
7407
25806
7414
7416
9686
55187
55737
51542
7448
10163
54838
80304
91833
23160
79726
7466
65268
7486
11059
389610
9213
7520
4904
78992
91746
7529
7532
100381270
49854
3104
23091
23144
51530
85437
55625
6935
196441
677
233887
9765
55345
7745
23613
7727
51222
140883
100131017
135
284695
149076
79797
5137
5143
22847
9849
23112
64759
7150
10210
7157
7157
7157
7157
7159
7163
7167
131601
10906
83696
22954
91107
9322
55621
22059
51393
7249
81619
23331
7273
10376
5756
7296
7298
11338
7317
51271
7316
89910
7342
23352
23190
80700
54963
29128
79465
440279
7374
5976
7385
7398
9958
84669
7375
159195
8239
80351
57690
114034
9804
7153
26092
7157
7157
7157
7157
112858
7165
7170
286262
22974
10293
57761
7706
51592
81844
9321
51504
22059
8295
8848
84630
7268
79861
200081
7296
7301
23350
79876
134
55833
7322
10277
56893
51366
26043
7353
115426
8408
55898
85451
65110
8725
9100
23358
9736
55230
124739
9712
8287
7402
9218
7410
80124
7422
54832
112936
55275
51231
23063
23325
11193
55717
55339
57599
197335
65125
49856
23286
7498
23214
7520
10413
7525
79693
51441
7532
9889
57621
29068
51341
9877
124245
23264
92092
55596
25921
29801
7763
7538
7544
84619
55888
9202
7701
7764
10308
8427
24149
7581
55628
84858
9658
51042
